0.197087,1324.233154
0.209952,1341.864746
0.222817,1475.375488
0.235682,1532.868652
0.248547,1659.479004
0.261411,1741.622559
0.274276,1815.778320
0.287141,1967.679199
0.300006,2117.548828
0.312871,2001.493164
0.325735,1919.771484
0.338600,1994.400879
0.351465,2164.990723
0.364330,2313.678711
0.377195,2352.823730
0.390059,2282.314453
0.402924,2182.685547
0.415789,2135.036133
0.428654,2192.980957
0.441519,2318.515137
0.454383,2324.088867
0.467248,2315.333008
0.480113,2356.451172
0.492978,2364.466309
0.505843,2400.991699
0.518707,2400.358398
0.531572,2321.544922
0.544437,2377.014648
0.557302,2476.298340
0.570167,2509.101074
0.583031,2583.588867
0.595896,2628.893555
0.608761,2638.467773
0.621626,2717.762695
0.634490,2790.170410
0.647355,2812.119141
0.660220,2846.627930
0.673085,2871.632812
0.685950,2928.973633
0.698814,3082.695801
0.711679,3182.076172
0.724544,3231.508789
0.737409,3305.757324
0.750274,3340.962402
0.763138,3356.057129
0.776003,3356.590820
0.788868,3382.164551
0.801733,3391.139160
0.814598,3438.542236
0.827462,3474.060791
0.840327,3526.163330
0.853192,3587.522461
0.866057,3663.089844
0.878922,3721.189453
0.891786,3748.480469
0.904651,3787.341797
0.917516,3819.723877
0.930381,3859.492432
0.943246,3947.468994
0.956110,4033.838135
0.968975,4114.291992
0.981840,4179.089355
0.994705,4236.719727
1.007570,4307.230469
1.020434,4424.270020
1.033299,4498.238770
1.046164,4565.897461
1.059029,4647.980469
1.071894,4810.361328
1.084758,4944.771973
1.097623,5093.003906
1.110488,5236.799805
1.123353,5379.444336
1.136218,5528.039062
1.149082,5651.259277
1.161947,5810.788086
1.174812,6007.960938
1.187677,6231.781738
1.200541,6444.996094
1.213406,6689.425781
1.226271,6944.802246
1.239136,7231.195312
1.252001,7509.193359
1.264865,7795.705078
1.277730,8097.947266
1.290595,8395.060547
1.303460,8676.449219
1.316325,8964.967773
1.329189,9301.069336
1.342054,9638.243164
1.354919,9934.142578
1.367784,10256.402344
1.380649,10594.472656
1.393513,10965.313477
1.406378,11277.828125
1.419243,11538.449219
1.432108,11766.853516
1.444973,11972.830078
1.457837,12174.500000
1.470702,12313.471680
1.483567,12372.363281
1.496432,12430.057617
1.509297,12496.730469
1.522161,12493.409180
1.535026,12421.561523
1.547891,12288.194336
1.560756,12149.809570
1.573621,12006.527344
1.586485,11831.715820
1.599350,11604.160156
1.612215,11365.890625
1.625080,11184.920898
1.637945,10971.372070
1.650809,10702.827148
1.663674,10436.684570
1.676539,10168.970703
1.689404,9835.074219
1.702269,9526.899414
1.715133,9272.733398
1.727998,8992.226562
1.740863,8742.610352
1.753728,8516.995117
1.766592,8281.866211
1.779457,8046.704102
1.792322,7848.099609
1.805187,7650.255371
1.818052,7419.566895
1.830916,7216.035156
1.843781,7054.424805
1.856646,6910.602539
1.869511,6727.227539
1.882376,6538.500000
1.895240,6392.500977
1.908105,6233.528809
1.920970,6065.893555
1.933835,5929.505859
1.946700,5858.785156
1.959564,5753.789551
1.972429,5638.201660
1.985294,5550.527832
1.998159,5441.880859
2.011024,5368.178711
2.023888,5287.904785
2.036753,5153.003906
2.049618,5047.561523
2.062483,4948.409668
2.075348,4881.881348
2.088212,4849.223633
2.101077,4791.071777
2.113942,4717.949707
2.126807,4637.491699
2.139672,4568.031250
2.152536,4514.158203
2.165401,4479.672363
2.178266,4462.287598
2.191131,4409.475098
2.203996,4336.649414
2.216860,4313.705078
2.229725,4290.298828
2.242590,4263.738281
2.255455,4201.526367
2.268320,4145.479492
2.281184,4093.482666
2.294049,4040.000244
2.306914,4020.406494
2.319779,4005.212891
2.332643,3982.393066
2.345508,3970.825928
2.358373,3925.880371
2.371238,3879.044922
2.384103,3834.682617
2.396967,3809.966309
2.409832,3791.057617
2.422697,3770.984131
2.435562,3743.669678
2.448427,3705.428711
2.461291,3674.666504
2.474156,3662.112305
2.487021,3605.530273
2.499886,3552.411621
2.512751,3537.292969
2.525615,3536.059082
2.538480,3498.394043
2.551345,3460.762451
2.564210,3435.391846
2.577075,3391.828125
2.589939,3360.991943
2.602804,3334.104004
2.615669,3284.994629
2.628534,3239.408691
2.641399,3223.109863
2.654263,3201.157715
2.667128,3172.077148
2.679993,3118.800781
2.692858,3068.113770
2.705723,3037.461914
2.718587,3022.827881
2.731452,3006.352051
2.744317,2993.135254
2.757182,2970.587891
2.770047,2934.681885
2.782911,2907.768066
2.795776,2892.975830
2.808641,2862.666504
2.821506,2862.423584
2.834371,2883.990723
2.847235,2903.556396
2.860100,2908.384277
2.872965,2895.842041
2.885830,2903.861572
2.898694,2916.557617
2.911559,2918.883789
2.924424,2938.588867
2.937289,2995.494629
2.950154,3025.716309
2.963018,2995.158691
2.975883,2988.676270
2.988748,2990.275146
3.001613,2997.285156
3.014478,3010.088867
3.027342,3007.781250
3.040207,3007.660156
3.053072,3015.478516
3.065937,3012.831543
3.078802,3027.367432
3.091666,3031.729492
3.104531,3028.677246
3.117396,3039.760742
3.130261,3056.975586
3.143126,3050.219727
3.155990,3034.730957
3.168855,3036.650146
3.181720,3038.402344
3.194585,3024.545166
3.207450,3011.664062
3.220314,3016.764648
3.233179,3028.375488
3.246044,3048.796143
3.258909,3036.348389
3.271774,3031.237549
3.284638,3029.631348
3.297503,3035.007812
3.310368,3030.111816
3.323233,3024.301270
3.336098,3035.789551
3.348962,3033.745605
3.361827,3019.890625
3.374692,2994.058105
3.387557,2986.619141
3.400422,2972.690918
3.413286,2962.323242
3.426151,2974.210205
3.439016,2993.661621
3.451881,2982.256836
3.464745,2979.171875
3.477610,2972.172852
3.490475,2984.652832
3.503340,2978.973145
3.516205,2974.814697
3.529069,2982.129883
3.541934,2978.682373
3.554799,2964.929199
3.567664,2959.072754
3.580529,2978.007812
3.593393,3001.777344
3.606258,2997.243896
3.619123,2983.150391
3.631988,2964.536621
3.644853,2969.943848
3.657717,2966.606201
3.670582,2966.513184
3.683447,2985.426758
3.696312,2996.821777
3.709177,3005.434082
3.722041,3013.650635
3.734906,3027.336670
3.747771,3028.584473
3.760636,3036.628174
3.773501,3040.166260
3.786365,3060.481934
3.799230,3069.532715
3.812095,3067.527832
3.824960,3063.741699
3.837825,3075.859375
3.850689,3106.203125
3.863554,3116.375977
3.876419,3115.688721
3.889284,3125.271484
3.902149,3137.849121
3.915013,3152.409668
3.927878,3141.916260
3.940743,3133.014648
3.953608,3150.164062
3.966473,3184.589355
3.979337,3211.019775
3.992202,3219.108154
4.005067,3234.800293
4.017932,3254.177246
4.030796,3275.526611
4.043661,3302.075195
4.056526,3299.891113
4.069391,3289.221436
4.082256,3278.758301
4.095120,3290.580566
4.107985,3318.512939
4.120850,3320.159180
4.133715,3328.312256
4.146580,3356.138428
4.159444,3400.151367
4.172309,3432.246582
4.185174,3440.628906
4.198039,3432.998535
4.210904,3445.672363
4.223768,3463.706787
4.236633,3490.452148
4.249498,3498.925049
4.262363,3476.418945
4.275228,3472.375000
4.288092,3499.482666
4.300957,3512.655029
4.313822,3526.534424
4.326687,3544.802246
4.339552,3541.828369
4.352416,3552.484375
4.365281,3556.543457
4.378146,3552.058350
4.391011,3563.759033
4.403876,3583.800293
4.416740,3559.739258
4.429605,3562.684814
4.442470,3588.625977
4.455335,3588.954102
4.468200,3563.235840
4.481064,3540.872803
4.493929,3540.144775
4.506794,3538.827881
4.519659,3549.870605
4.532524,3548.910645
4.545388,3547.129395
4.558253,3534.768799
4.571118,3524.779785
4.583983,3521.270020
4.596847,3521.160645
4.609712,3540.348633
4.622577,3545.583496
4.635442,3540.623535
4.648307,3537.822510
4.661171,3517.986328
4.674036,3511.978027
4.686901,3507.514648
4.699766,3507.505371
4.712631,3502.029297
4.725495,3485.279053
4.738360,3480.460938
4.751225,3474.991455
4.764090,3489.424072
4.776955,3502.635498
4.789819,3506.579102
4.802684,3490.858887
4.815549,3499.325928
4.828414,3526.016602
4.841279,3532.244385
4.854143,3531.896240
4.867008,3535.273926
4.879873,3556.114990
4.892738,3565.171387
4.905603,3558.710449
4.918467,3542.848389
4.931332,3530.415527
4.944197,3534.165039
4.957062,3555.206055
4.969927,3593.212891
4.982791,3612.867188
4.995656,3620.152344
5.008521,3614.424561
5.021386,3621.036133
5.034251,3621.862793
5.047115,3633.689941
5.059980,3648.799316
5.072845,3652.649902
5.085710,3659.578613
5.098575,3649.998535
5.111439,3628.048340
5.124304,3628.474609
5.137169,3621.514893
5.150034,3585.385742
5.162898,3571.876709
5.175763,3568.903809
5.188628,3567.133545
5.201493,3541.634766
5.214358,3524.212158
5.227222,3521.250488
5.240087,3507.672852
5.252952,3464.644775
5.265817,3435.501465
5.278682,3406.495605
5.291546,3384.846680
5.304411,3353.715820
5.317276,3315.718994
5.330141,3257.280273
5.343006,3241.854980
5.355870,3203.834961
5.368735,3153.428711
5.381600,3113.807861
5.394465,3078.626465
5.407330,3031.222656
5.420194,2986.116699
5.433059,2922.249512
5.445924,2863.635986
5.458789,2815.115479
5.471654,2775.191162
5.484518,2745.372070
5.497383,2703.345703
5.510248,2661.573486
5.523113,2621.749512
5.535978,2573.239014
5.548842,2544.320312
5.561707,2529.186523
5.574572,2500.854980
5.587437,2479.022949
5.600302,2459.784668
5.613166,2420.795410
5.626031,2379.816650
5.638896,2356.142822
5.651761,2336.148926
5.664626,2314.755371
5.677490,2298.085449
5.690355,2280.847412
5.703220,2242.067871
5.716085,2224.891113
5.728949,2232.034180
5.741814,2202.172363
5.754679,2170.491211
5.767544,2163.341309
5.780409,2181.327881
5.793273,2200.619385
5.806138,2194.540283
5.819003,2179.533203
5.831868,2154.610596
5.844733,2139.404297
5.857597,2121.960449
5.870462,2116.616699
5.883327,2117.298340
5.896192,2111.051514
5.909057,2102.243652
5.921921,2086.485352
5.934786,2091.590820
5.947651,2103.777832
5.960516,2107.134033
5.973381,2111.032227
5.986245,2117.828369
5.999110,2099.903320
6.011975,2088.539307
6.024840,2095.378418
6.037705,2108.499023
6.050569,2110.565918
6.063434,2110.246582
6.076299,2119.517822
6.089164,2123.849609
6.102029,2131.867676
6.114893,2137.754395
6.127758,2135.987305
6.140623,2120.439941
6.153488,2119.058105
6.166353,2120.988770
6.179217,2128.765381
6.192082,2128.484375
6.204947,2128.640137
6.217812,2126.150391
6.230677,2125.265137
6.243541,2137.639404
6.256406,2135.055908
6.269271,2132.604492
6.282136,2126.124512
6.295000,2113.283203
6.307865,2110.432861
6.320730,2107.977051
6.333595,2112.759521
6.346460,2122.806152
6.359324,2118.534180
6.372189,2115.703125
6.385054,2124.954102
6.397919,2134.519775
6.410784,2121.318604
6.423648,2118.090820
6.436513,2111.053223
6.449378,2114.713379
6.462243,2116.374512
6.475108,2108.085693
6.487972,2102.097656
6.500837,2108.236328
6.513702,2109.225342
6.526567,2107.618164
6.539432,2107.442383
6.552296,2100.721924
6.565161,2088.996826
6.578026,2081.996094
6.590891,2099.413574
6.603756,2098.275391
6.616620,2081.906006
6.629485,2068.119629
6.642350,2064.164307
6.655215,2056.515381
6.668080,2056.373535
6.680944,2051.800293
6.693809,2048.514404
6.706674,2047.470459
6.719539,2043.692139
6.732404,2036.362305
6.745268,2026.025879
6.758133,2021.065918
6.770998,1998.643066
6.783863,1991.041992
6.796727,1996.184204
6.809592,1997.122070
6.822457,1988.606934
6.835322,1974.920288
6.848187,1967.221680
6.861051,1953.526855
6.873916,1948.238281
6.886781,1949.551880
6.899646,1942.380371
6.912511,1934.156006
6.925375,1926.424316
6.938240,1911.781372
6.951105,1900.837402
6.963970,1908.755493
6.976835,1913.835327
6.989699,1900.022949
7.002564,1892.619629
7.015429,1879.186157
7.028294,1861.150269
7.041159,1842.329468
7.054023,1841.075928
7.066888,1844.457886
7.079753,1857.388184
7.092618,1842.656982
7.105483,1834.315918
7.118347,1831.060303
7.131212,1829.659424
7.144077,1830.732178
7.156942,1834.630127
7.169807,1825.987061
7.182671,1813.258423
7.195536,1793.465942
7.208401,1789.143433
7.221266,1786.586914
7.234131,1794.409668
7.246995,1807.519653
7.259860,1807.727783
7.272725,1794.868896
7.285590,1794.194580
7.298455,1782.206299
7.311319,1760.125000
7.324184,1752.718018
7.337049,1773.162720
7.349914,1793.437500
7.362778,1780.435791
7.375643,1761.064697
7.388508,1761.751953
7.401373,1772.326660
7.414238,1786.032471
7.427102,1784.545654
7.439967,1762.000854
7.452832,1754.385498
7.465697,1757.295898
7.478562,1765.132812
7.491426,1766.444336
7.504291,1777.625244
7.517156,1784.298584
7.530021,1779.709229
7.542886,1778.040527
7.555750,1764.346680
7.568615,1765.401978
7.581480,1779.749512
7.594345,1788.355835
7.607210,1794.883789
7.620074,1800.832275
7.632939,1801.457764
7.645804,1816.752075
7.658669,1824.694702
7.671534,1819.157959
7.684398,1818.600586
7.697263,1809.681885
7.710128,1804.829590
7.722993,1815.147461
7.735858,1829.264404
7.748722,1836.455688
7.761587,1829.744507
7.774452,1834.758057
7.787317,1837.539429
7.800182,1839.327393
7.813046,1841.554932
7.825911,1848.569824
7.838776,1848.781250
7.851641,1853.092773
7.864506,1858.945801
7.877370,1852.957275
7.890235,1861.352905
7.903100,1868.059082
7.915965,1858.518555
7.928829,1856.630371
7.941694,1860.850342
7.954559,1865.648926
7.967424,1864.097900
7.980289,1874.414917
7.993153,1883.445312
8.006018,1887.725342
8.018883,1889.310303
8.031748,1886.045166
8.044613,1896.177002
8.057477,1906.863281
8.070342,1910.266357
8.083207,1902.260864
8.096072,1899.477417
8.108937,1904.620605
8.121801,1906.711182
8.134666,1895.895020
8.147531,1899.489502
8.160396,1894.344604
8.173261,1899.873291
8.186125,1904.946167
8.198990,1899.381592
8.211855,1894.333740
8.224720,1881.780762
8.237585,1880.843384
8.250449,1889.750977
8.263314,1893.544678
8.276179,1888.144897
8.289044,1878.731689
8.301909,1882.119019
8.314773,1873.092285
8.327638,1859.492676
8.340503,1860.636963
8.353368,1856.388916
8.366233,1854.557129
8.379097,1855.332275
8.391962,1865.730713
8.404827,1881.884521
8.417692,1882.582397
8.430557,1870.544312
8.443421,1857.043701
8.456286,1856.099365
8.469151,1858.239990
8.482016,1852.649170
8.494880,1847.077881
8.507745,1846.372314
8.520610,1840.708374
8.533475,1830.707764
8.546340,1822.574097
8.559204,1822.927246
8.572069,1824.860596
8.584934,1825.841309
8.597799,1827.083984
8.610664,1819.452881
8.623528,1821.384277
8.636393,1828.585449
8.649258,1823.937988
8.662123,1819.260010
8.674988,1823.654785
8.687852,1819.394165
8.700717,1808.185791
8.713582,1804.760742
8.726447,1794.465088
8.739312,1794.120483
8.752176,1784.823608
8.765041,1775.310303
8.777906,1775.182251
8.790771,1785.653442
8.803636,1768.044434
8.816500,1758.870361
8.829365,1778.543335
8.842230,1782.919189
8.855095,1781.377930
8.867960,1768.031006
8.880824,1753.163574
8.893689,1744.987793
8.906554,1747.947021
8.919419,1760.244873
8.932284,1758.596924
8.945148,1749.836060
8.958013,1752.335083
8.970878,1747.647461
8.983743,1734.011963
8.996608,1716.831055
9.009472,1717.114746
9.022337,1718.884033
9.035202,1728.174194
9.048067,1727.227051
9.060931,1712.474365
9.073796,1715.468994
9.086661,1716.465332
9.099526,1716.066162
9.112391,1718.124268
9.125255,1712.125000
9.138120,1697.079346
9.150985,1692.113281
9.163850,1707.915283
9.176715,1701.313477
9.189579,1701.108643
9.202444,1693.650879
9.215309,1689.974609
9.228174,1668.123291
9.241039,1665.574219
9.253903,1663.877197
9.266768,1661.562012
9.279633,1662.147949
9.292498,1645.172241
9.305363,1627.619995
9.318227,1622.817383
9.331092,1628.064453
9.343957,1626.109863
9.356822,1622.793701
9.369687,1625.839355
9.382551,1625.657471
9.395416,1613.984863
9.408281,1606.260498
9.421146,1608.594604
9.434011,1616.274170
9.446875,1611.327515
9.459740,1599.593506
9.472605,1601.927979
9.485470,1600.529053
9.498335,1586.169678
9.511199,1584.876221
9.524064,1572.968262
9.536929,1565.784912
9.549794,1565.986450
9.562659,1579.083496
9.575523,1584.336548
9.588388,1573.954590
9.601253,1558.295898
9.614118,1542.409668
9.626982,1549.769775
9.639847,1564.136963
9.652712,1565.078125
9.665577,1565.437134
9.678442,1557.890869
9.691306,1552.784912
9.704171,1544.494019
9.717036,1534.154053
9.729901,1535.345703
9.742766,1531.019531
9.755630,1527.042236
9.768495,1535.008057
9.781360,1535.306396
9.794225,1528.554321
9.807090,1507.010254
9.819954,1498.454834
9.832819,1493.668091
9.845684,1486.136719
9.858549,1489.384033
9.871414,1502.083252
9.884278,1517.379395
9.897143,1521.323486
9.910008,1514.483643
9.922873,1513.689819
9.935738,1502.442627
9.948602,1501.888428
9.961467,1500.340332
9.974332,1489.587646
9.987197,1488.370605
10.000062,1492.712646
10.012926,1485.965210
10.025791,1490.137695
10.038656,1479.186157
10.051521,1479.159668
10.064386,1491.678589
10.077250,1491.534668
10.090115,1477.237793
10.102980,1475.168457
10.115845,1474.792236
10.128710,1478.053467
10.141574,1470.674805
10.154439,1453.503784
10.167304,1470.344727
10.180169,1477.096436
10.193033,1466.679688
10.205898,1453.308716
10.218763,1459.170898
10.231628,1461.304443
10.244493,1476.719482
10.257357,1474.230225
10.270222,1472.857178
10.283087,1473.077759
10.295952,1469.753174
10.308817,1468.370972
10.321681,1472.082275
10.334546,1469.314697
10.347411,1452.672852
10.360276,1452.696289
10.373141,1446.775024
10.386005,1451.596191
10.398870,1467.519775
10.411735,1464.819824
10.424600,1465.214844
10.437465,1463.579712
10.450329,1448.691528
10.463194,1435.411377
10.476059,1432.618286
10.488924,1444.530273
10.501789,1448.729614
10.514653,1439.464966
10.527518,1431.956299
10.540383,1427.370728
10.553248,1419.877686
10.566113,1433.123535
10.578977,1443.543701
10.591842,1431.236816
10.604707,1419.814941
10.617572,1418.184082
10.630437,1410.083008
10.643301,1397.320312
10.656166,1404.177979
10.669031,1416.682129
10.681896,1424.286255
10.694761,1420.314941
10.707625,1424.842285
10.720490,1415.241577
10.733355,1397.316895
10.746220,1400.092041
10.759084,1406.191528
10.771949,1412.103882
10.784814,1407.646973
10.797679,1408.719727
10.810544,1416.387695
10.823408,1418.897949
10.836273,1419.845093
10.849138,1428.137939
10.862003,1412.136475
10.874868,1403.330566
10.887732,1411.281250
10.900597,1414.446289
10.913462,1417.705811
10.926327,1415.156372
10.939192,1408.688965
10.952056,1389.426392
10.964921,1384.777832
10.977786,1395.906982
10.990651,1396.838867
11.003516,1395.691528
11.016380,1399.696777
11.029245,1385.488281
11.042110,1377.949463
11.054975,1388.379150
11.067840,1391.057373
11.080704,1391.385498
11.093569,1385.858398
11.106434,1378.871704
11.119299,1371.891846
11.132164,1368.484253
11.145028,1362.232056
11.157893,1386.209229
11.170758,1384.223633
11.183623,1380.802246
11.196488,1389.052979
11.209352,1389.238770
11.222217,1387.064941
11.235082,1376.251099
11.247947,1372.915039
11.260812,1366.145996
11.273676,1364.669434
11.286541,1357.833008
11.299406,1365.633301
11.312271,1367.593262
11.325135,1364.925293
11.338000,1363.676636
11.350865,1356.361572
11.363730,1351.111816
11.376595,1350.081543
11.389459,1354.054199
11.402324,1364.930908
11.415189,1362.202881
11.428054,1363.736084
11.440919,1365.596924
11.453783,1366.416138
11.466648,1369.290649
11.479513,1359.636963
11.492378,1363.190918
11.505243,1366.728882
11.518107,1360.800293
11.530972,1363.008057
11.543837,1375.304443
11.556702,1383.181152
11.569567,1369.303833
11.582431,1362.651367
11.595296,1359.726807
11.608161,1353.161865
11.621026,1350.257568
11.633891,1357.060547
11.646755,1354.176880
11.659620,1365.241943
11.672485,1366.730713
11.685350,1356.918701
11.698215,1341.152344
11.711079,1339.537842
11.723944,1342.191650
11.736809,1333.806641
11.749674,1352.796143
11.762539,1362.596069
11.775403,1380.486084
11.788268,1377.448853
11.801133,1367.028931
11.813998,1350.221191
11.826863,1354.663086
11.839727,1358.117432
11.852592,1368.600586
11.865457,1373.543701
11.878322,1374.189819
11.891186,1365.992676
11.904051,1357.330078
11.916916,1361.087646
11.929781,1369.298096
11.942646,1375.208862
11.955510,1363.855591
11.968375,1361.542114
11.981240,1372.041992
11.994105,1371.760132
12.006970,1359.756836
12.019834,1360.721436
12.032699,1368.510498
12.045564,1373.853271
12.058429,1378.375244
12.071294,1365.932861
12.084158,1349.930664
12.097023,1372.993652
12.109888,1383.116943
12.122753,1388.179077
12.135618,1387.388184
12.148482,1386.378662
12.161347,1388.671631
12.174212,1394.850952
12.187077,1386.773682
12.199942,1391.393921
12.212806,1394.184082
12.225671,1391.944580
12.238536,1383.734131
12.251401,1379.692871
12.264266,1376.269043
12.277130,1377.141724
12.289995,1377.156372
12.302860,1387.132812
12.315725,1389.304688
12.328590,1395.621826
12.341454,1400.198364
12.354319,1396.778687
12.367184,1396.163574
12.380049,1394.394531
12.392914,1373.226074
12.405778,1386.369141
12.418643,1392.428345
12.431508,1387.054321
12.444373,1402.205078
12.457237,1405.029541
12.470102,1401.376709
12.482967,1399.314209
12.495832,1401.774658
12.508697,1403.312500
12.521561,1399.174316
12.534426,1392.564453
12.547291,1392.858398
12.560156,1396.476318
12.573021,1401.796875
12.585885,1407.762085
12.598750,1393.239380
12.611615,1381.844849
12.624480,1381.772095
12.637345,1395.738403
12.650209,1397.173218
12.663074,1399.768677
12.675939,1399.852051
12.688804,1392.715820
12.701669,1389.457275
12.714533,1381.806641
12.727398,1393.112061
12.740263,1401.573608
12.753128,1390.375732
12.765993,1389.464478
12.778857,1392.677246
12.791722,1382.007080
12.804587,1378.202026
12.817452,1376.153564
12.830317,1364.316162
12.843181,1375.336914
12.856046,1372.410156
12.868911,1385.018188
12.881776,1383.903320
12.894641,1375.838623
12.907505,1378.333130
12.920370,1369.947266
12.933235,1360.702759
12.946100,1358.455444
12.958964,1360.583862
12.971829,1355.428101
12.984694,1372.307129
12.997559,1364.141602
13.010424,1352.140503
13.023288,1346.099609
13.036153,1357.445312
13.049018,1372.533203
13.061883,1365.955811
13.074748,1356.431885
13.087612,1360.891846
13.100477,1351.745361
13.113342,1356.391357
13.126207,1355.245239
13.139072,1334.210449
13.151936,1318.135254
13.164801,1319.153687
13.177666,1329.115967
13.190531,1318.588623
13.203396,1316.800293
13.216260,1325.760986
13.229125,1344.120850
13.241990,1338.865967
13.254855,1328.896484
13.267720,1337.342041
13.280584,1331.101929
13.293449,1327.147949
13.306314,1325.106689
13.319179,1318.550293
13.332044,1321.869873
13.344908,1326.927246
13.357773,1319.302612
13.370638,1304.979248
13.383503,1303.421021
13.396368,1313.634766
13.409232,1313.808838
13.422097,1319.774170
13.434962,1326.316772
13.447827,1317.677734
13.460692,1306.943604
13.473556,1307.305786
13.486421,1319.430908
13.499286,1317.566284
13.512151,1301.989624
13.525015,1293.128662
13.537880,1294.076294
13.550745,1279.849121
13.563610,1279.551392
13.576475,1277.027344
13.589339,1278.185303
13.602204,1276.611328
13.615069,1272.951050
13.627934,1270.511719
13.640799,1272.689697
13.653663,1287.429199
13.666528,1282.682617
13.679393,1287.763794
13.692258,1287.560059
13.705123,1274.529053
13.717987,1278.409180
13.730852,1278.576904
13.743717,1269.856445
13.756582,1271.387207
13.769447,1265.383179
13.782311,1262.154419
13.795176,1255.341187
13.808041,1269.648682
13.820906,1286.626831
13.833771,1284.765625
13.846635,1282.551636
13.859500,1291.307373
13.872365,1285.661499
13.885230,1291.363281
13.898095,1282.966064
13.910959,1279.203125
13.923824,1266.188110
13.936689,1252.567383
13.949554,1253.634277
13.962419,1274.844238
13.975283,1281.380371
13.988148,1258.375732
14.001013,1260.198975
14.013878,1267.721313
14.026743,1262.089355
14.039607,1262.239746
14.052472,1255.556763
14.065337,1260.077393
14.078202,1259.925781
14.091066,1263.340332
14.103931,1265.571777
14.116796,1271.451172
14.129661,1285.837524
14.142526,1288.645752
14.155390,1281.298218
14.168255,1267.027344
14.181120,1267.903809
14.193985,1261.947021
14.206850,1263.491699
14.219714,1272.400513
14.232579,1267.595947
14.245444,1272.462402
14.258309,1273.919189
14.271174,1271.723999
14.284038,1268.060059
14.296903,1266.914429
14.309768,1274.830566
14.322633,1273.367432
14.335498,1263.993408
14.348362,1262.766235
14.361227,1261.963623
14.374092,1267.932129
14.386957,1268.954834
14.399822,1262.356934
14.412686,1258.799561
14.425551,1254.248047
14.438416,1256.333984
14.451281,1262.102295
14.464146,1267.945068
14.477010,1271.280029
14.489875,1259.496094
14.502740,1243.659912
14.515605,1242.955078
14.528470,1243.084229
14.541334,1252.416016
14.554199,1249.560425
14.567064,1260.443848
14.579929,1251.821411
14.592794,1254.658203
14.605658,1261.309204
14.618523,1263.975586
14.631388,1265.266602
14.644253,1259.504883
14.657117,1259.914795
14.669982,1252.528564
14.682847,1240.630127
14.695712,1233.779785
14.708577,1233.841064
14.721441,1236.145752
14.734306,1248.790039
14.747171,1255.995117
14.760036,1255.491577
14.772901,1264.748535
14.785765,1273.803833
14.798630,1264.949707
14.811495,1273.061523
14.824360,1278.912720
14.837225,1276.180542
14.850089,1275.844971
14.862954,1268.566162
14.875819,1265.543213
14.888684,1263.632446
14.901549,1264.596069
14.914413,1242.191040
14.927278,1238.962402
14.940143,1259.026733
14.953008,1268.532349
14.965873,1268.465210
14.978737,1267.885864
14.991602,1275.771240
15.004467,1270.181274
15.017332,1263.023438
15.030197,1259.828125
15.043061,1262.281860
15.055926,1258.334106
15.068791,1266.727051
15.081656,1268.765381
15.094521,1262.261719
15.107385,1255.608521
15.120250,1255.281738
15.133115,1262.536621
15.145980,1261.802979
15.158845,1273.274658
15.171709,1266.648071
15.184574,1258.939453
15.197439,1263.072998
15.210304,1255.636475
15.223168,1257.425903
15.236033,1245.095215
15.248898,1236.271729
15.261763,1253.653320
15.274628,1262.541016
15.287492,1263.885010
15.300357,1257.801514
15.313222,1258.291870
15.326087,1263.202271
15.338952,1266.808960
15.351816,1268.872803
15.364681,1271.936035
15.377546,1272.722900
15.390411,1266.497070
15.403276,1262.762207
15.416140,1265.766235
15.429005,1265.057495
15.441870,1252.286743
15.454735,1255.935791
15.467600,1265.179199
15.480464,1264.559326
15.493329,1254.435791
15.506194,1248.853271
15.519059,1263.389404
15.531924,1266.996704
15.544788,1275.437988
15.557653,1259.125977
15.570518,1268.927002
15.583383,1266.588867
15.596248,1255.208984
15.609112,1255.472412
15.621977,1247.625977
15.634842,1249.772217
15.647707,1267.709961
15.660572,1271.513428
15.673436,1267.005127
15.686301,1263.291016
15.699166,1254.642822
15.712031,1253.913330
15.724896,1252.966797
15.737760,1246.344360
15.750625,1246.425049
15.763490,1253.518921
15.776355,1256.711182
15.789219,1262.504639
15.802084,1266.150635
15.814949,1259.338257
15.827814,1242.546143
15.840679,1231.514404
15.853543,1238.930298
15.866408,1257.641602
15.879273,1265.952026
15.892138,1260.044189
15.905003,1263.179565
15.917867,1260.338623
15.930732,1256.563599
15.943597,1252.206299
15.956462,1262.994263
15.969327,1255.705444
15.982191,1255.336792
15.995056,1265.066406
16.007921,1273.564453
16.020786,1268.983643
16.033651,1260.712402
16.046515,1274.552002
16.059380,1272.257080
16.072245,1262.072388
16.085110,1252.100464
16.097975,1237.096436
16.110839,1231.444092
16.123704,1247.408691
16.136569,1250.462891
16.149434,1255.261963
16.162299,1261.585815
16.175163,1262.866699
16.188028,1258.292725
16.200893,1263.091553
16.213758,1256.599854
16.226623,1256.798218
16.239487,1259.349365
16.252352,1261.996094
16.265217,1268.873291
16.278082,1259.853760
16.290947,1269.713623
16.303811,1255.333618
16.316676,1256.335938
16.329541,1261.066284
16.342406,1269.012451
16.355270,1278.851562
16.368135,1259.159912
16.381000,1265.811401
16.393865,1257.786621
16.406730,1255.252197
16.419594,1260.756348
16.432459,1256.944092
16.445324,1259.745850
16.458189,1265.191162
16.471054,1263.834961
16.483918,1247.129150
16.496783,1245.214966
16.509648,1248.205933
16.522513,1251.966064
16.535378,1249.740723
16.548242,1256.148193
16.561107,1259.250122
16.573972,1261.864746
16.586837,1260.811523
16.599702,1258.242676
16.612566,1256.300781
16.625431,1270.090088
16.638296,1267.098022
16.651161,1269.737549
16.664026,1274.765137
16.676890,1273.648926
16.689755,1273.983398
16.702620,1273.089111
16.715485,1271.277100
16.728350,1279.536377
16.741214,1276.378418
16.754079,1269.349609
16.766944,1260.695190
16.779809,1269.430176
16.792674,1267.875000
16.805538,1246.404297
16.818403,1243.713867
16.831268,1247.794922
16.844133,1244.171509
16.856998,1249.829834
16.869862,1251.556396
16.882727,1248.532349
16.895592,1245.587036
16.908457,1251.798096
16.921321,1253.012939
16.934186,1265.410645
16.947051,1266.382080
16.959916,1268.221069
16.972781,1258.492432
16.985645,1250.958740
16.998510,1247.196289
17.011375,1250.060181
17.024240,1259.650269
17.037105,1268.532227
17.049969,1260.733765
17.062834,1265.258545
17.075699,1275.921143
17.088564,1285.170166
17.101429,1274.036133
17.114293,1266.582764
17.127158,1255.698975
17.140023,1242.223633
17.152888,1247.728760
17.165753,1259.033203
17.178617,1258.447510
17.191482,1251.927856
17.204347,1251.899658
17.217212,1259.554932
17.230077,1263.364502
17.242941,1248.011475
17.255806,1254.322021
17.268671,1265.132202
17.281536,1262.988037
17.294401,1245.317383
17.307265,1243.185547
17.320130,1244.240479
17.332995,1246.102173
17.345860,1244.413574
17.358725,1255.171631
17.371589,1244.036499
17.384454,1249.350952
17.397319,1243.845215
17.410184,1233.380859
17.423049,1232.266113
17.435913,1235.698486
17.448778,1239.447388
17.461643,1255.377686
17.474508,1252.848389
17.487372,1247.411133
17.500237,1246.715942
17.513102,1248.450317
17.525967,1237.743164
17.538832,1234.948486
17.551696,1243.187378
17.564561,1251.238647
17.577426,1260.240112
17.590291,1245.322266
17.603156,1229.110352
17.616020,1231.405151
17.628885,1234.941040
17.641750,1248.923218
17.654615,1239.262085
17.667480,1240.303467
17.680344,1243.595947
17.693209,1243.087891
17.706074,1249.590332
17.718939,1253.487061
17.731804,1245.912354
17.744668,1226.443237
17.757533,1217.871826
17.770398,1239.534180
17.783263,1242.390381
17.796128,1260.090820
17.808992,1261.509033
17.821857,1240.621826
17.834722,1226.628418
17.847587,1230.726318
17.860452,1231.116089
17.873316,1221.014038
17.886181,1216.819580
17.899046,1211.887451
17.911911,1213.621216
17.924776,1209.726807
17.937640,1219.449219
17.950505,1205.057495
17.963370,1208.277588
17.976235,1217.056274
17.989100,1230.552124
18.001964,1233.703857
18.014829,1228.996826
18.027694,1226.834595
18.040559,1233.294922
18.053423,1222.463013
18.066288,1225.326538
18.079153,1218.536865
18.092018,1219.003174
18.104883,1217.849609
18.117747,1217.678833
18.130612,1211.491821
18.143477,1208.346436
18.156342,1211.242798
18.169207,1222.020020
18.182071,1235.212646
18.194936,1224.977051
18.207801,1197.273682
18.220666,1199.948730
18.233531,1222.698120
18.246395,1209.391113
18.259260,1200.999756
18.272125,1208.316650
18.284990,1211.085815
18.297855,1211.634521
18.310719,1226.761963
18.323584,1221.514526
18.336449,1213.723755
18.349314,1227.605225
18.362179,1238.181030
18.375043,1234.832764
18.387908,1227.550293
18.400773,1215.553467
18.413638,1215.755371
18.426503,1227.171387
18.439367,1233.645020
18.452232,1236.956787
18.465097,1236.021484
18.477962,1216.435303
18.490827,1205.861084
18.503691,1206.041748
18.516556,1208.384644
18.529421,1198.720093
18.542286,1205.380127
18.555151,1221.635498
18.568015,1223.900391
18.580880,1217.106445
18.593745,1217.604248
18.606610,1224.606689
18.619474,1226.122559
18.632339,1218.692383
18.645204,1234.443604
18.658069,1235.797607
18.670934,1231.620850
18.683798,1215.779297
18.696663,1211.922485
18.709528,1221.559570
18.722393,1219.868286
18.735258,1218.519043
18.748122,1224.917114
18.760987,1226.034302
18.773852,1217.420898
18.786717,1208.720825
18.799582,1198.241455
18.812446,1203.512451
18.825311,1226.708496
18.838176,1226.652344
18.851041,1200.745361
18.863906,1184.209717
18.876770,1205.331299
18.889635,1218.532959
18.902500,1220.885254
18.915365,1214.882812
18.928230,1209.827881
18.941094,1223.646118
18.953959,1216.772217
18.966824,1229.113159
18.979689,1241.746094
18.992554,1227.233887
19.005418,1210.758789
19.018283,1204.119873
19.031148,1200.607422
19.044013,1201.474243
19.056878,1207.867920
19.069742,1217.872070
19.082607,1217.825928
19.095472,1226.144043
19.108337,1230.033813
19.121201,1226.554688
19.134066,1226.461792
19.146931,1221.524658
19.159796,1207.230713
19.172661,1205.919556
19.185525,1209.117188
19.198390,1215.699219
19.211255,1218.238770
19.224120,1216.564453
19.236985,1208.897949
19.249849,1200.069824
19.262714,1218.293335
19.275579,1221.767700
19.288444,1223.852295
19.301309,1231.901123
19.314173,1224.500854
19.327038,1221.655151
19.339903,1218.824463
19.352768,1208.672119
19.365633,1211.454834
19.378497,1222.577637
19.391362,1231.477295
19.404227,1223.155518
19.417092,1213.224609
19.429957,1207.651123
19.442821,1205.346191
19.455686,1212.513184
19.468551,1215.200684
19.481416,1216.210693
19.494281,1223.795288
19.507145,1233.678711
19.520010,1226.291748
19.532875,1217.871338
19.545740,1209.173096
19.558605,1206.583984
19.571469,1214.884521
19.584334,1211.154541
19.597199,1215.861816
19.610064,1219.688477
19.622929,1213.878418
19.635793,1215.178223
19.648658,1216.720947
19.661523,1213.280518
19.674388,1210.244141
19.687252,1206.893799
19.700117,1200.704346
19.712982,1206.633057
19.725847,1213.658447
19.738712,1219.838013
19.751576,1224.300171
19.764441,1227.649414
19.777306,1220.194580
19.790171,1223.947266
19.803036,1237.750000
19.815900,1227.132690
19.828765,1221.041504
19.841630,1233.218262
19.854495,1220.138550
19.867360,1201.856079
19.880224,1190.689209
19.893089,1206.225708
19.905954,1219.387573
19.918819,1214.409180
19.931684,1227.954346
19.944548,1223.705688
19.957413,1232.537598
19.970278,1230.585693
19.983143,1209.530029
19.996008,1213.101074
20.008872,1233.475830
20.021737,1235.216797
20.034602,1224.754150
20.047467,1220.698730
20.060332,1223.483276
20.073196,1225.873047
20.086061,1227.604980
20.098926,1235.075684
20.111791,1224.166748
20.124656,1207.624023
20.137520,1217.101318
20.150385,1226.227783
20.163250,1222.588623
20.176115,1225.255859
20.188980,1213.855957
20.201844,1213.510010
20.214709,1208.130615
20.227574,1206.185059
20.240439,1205.052979
20.253303,1215.978516
20.266168,1215.961060
20.279033,1213.157593
20.291898,1221.481934
20.304763,1220.928711
20.317627,1226.768311
20.330492,1214.684448
20.343357,1210.399658
20.356222,1219.674561
20.369087,1219.125610
20.381951,1211.889893
20.394816,1201.076416
20.407681,1200.728394
20.420546,1210.273682
20.433411,1198.918945
20.446275,1197.581543
20.459140,1203.129883
20.472005,1206.648193
20.484870,1211.208740
20.497735,1215.870361
20.510599,1212.399170
20.523464,1224.920166
20.536329,1226.646973
20.549194,1225.757080
20.562059,1214.376831
20.574923,1226.360229
20.587788,1219.478882
20.600653,1213.550049
20.613518,1224.704590
20.626383,1218.361816
20.639247,1199.045654
20.652112,1202.888062
20.664977,1210.383301
20.677842,1222.875122
20.690707,1207.609863
20.703571,1208.126465
20.716436,1198.403320
20.729301,1207.399902
20.742166,1222.574219
20.755031,1230.067139
20.767895,1221.632568
20.780760,1223.574829
20.793625,1224.288452
20.806490,1213.145630
20.819354,1212.120361
20.832219,1200.040039
20.845084,1200.749023
20.857949,1198.593994
20.870814,1199.188232
20.883678,1201.203125
20.896543,1205.585205
20.909408,1196.243896
20.922273,1214.924072
20.935138,1225.632080
20.948002,1218.752686
20.960867,1219.444092
20.973732,1222.609497
20.986597,1231.707031
20.999462,1228.223022
21.012326,1220.413330
21.025191,1192.363525
21.038056,1203.876465
21.050921,1215.497559
21.063786,1208.716064
21.076650,1209.206909
21.089515,1212.436768
21.102380,1225.257324
21.115245,1222.055420
21.128110,1212.412842
21.140974,1210.620850
21.153839,1202.015015
21.166704,1207.348022
21.179569,1206.027832
21.192434,1211.442505
21.205298,1190.906738
21.218163,1204.259766
21.231028,1220.798340
21.243893,1204.905273
21.256758,1199.021973
21.269622,1210.463257
21.282487,1205.485474
21.295352,1194.923340
21.308217,1198.735352
21.321082,1195.418945
21.333946,1213.453369
21.346811,1207.518188
21.359676,1184.002930
21.372541,1187.343506
21.385405,1197.708496
21.398270,1208.555176
21.411135,1218.797607
21.424000,1213.031616
21.436865,1208.362061
21.449729,1222.745117
21.462594,1214.893311
21.475459,1191.182129
21.488324,1187.757324
21.501189,1196.433594
21.514053,1196.919434
21.526918,1198.858398
21.539783,1202.222656
21.552648,1202.152344
21.565513,1191.005127
21.578377,1197.155884
21.591242,1195.239990
21.604107,1193.802368
21.616972,1202.564819
21.629837,1195.800659
21.642701,1190.279053
21.655566,1190.975708
21.668431,1192.617432
21.681296,1202.913086
21.694161,1197.790894
21.707025,1205.425903
21.719890,1204.838501
21.732755,1199.432861
21.745620,1197.022217
21.758485,1192.706665
21.771349,1196.402466
21.784214,1216.452637
21.797079,1205.240356
21.809944,1196.780762
21.822809,1211.646484
21.835673,1199.481445
21.848538,1206.053833
21.861403,1203.525635
21.874268,1201.518188
21.887133,1200.179932
21.899997,1210.923218
21.912862,1200.157104
21.925727,1217.148071
21.938592,1214.548828
21.951456,1204.612305
21.964321,1199.507080
21.977186,1200.708496
21.990051,1175.100586
22.002916,1167.902954
22.015780,1183.731201
22.028645,1186.960327
22.041510,1199.415771
22.054375,1212.084229
22.067240,1215.277222
22.080104,1209.091309
22.092969,1192.123535
22.105834,1183.873901
22.118699,1190.326416
22.131564,1205.484375
22.144428,1198.071289
22.157293,1200.911011
22.170158,1195.902100
22.183023,1188.649658
22.195888,1199.435059
22.208752,1210.451660
22.221617,1209.728638
22.234482,1199.522217
22.247347,1191.465332
22.260212,1195.897949
22.273076,1192.787964
22.285941,1184.924316
22.298806,1188.152100
22.311671,1201.687500
22.324536,1204.438843
22.337400,1200.686401
22.350265,1192.487061
22.363130,1190.335938
22.375995,1197.550415
22.388860,1190.216309
22.401724,1201.177856
22.414589,1205.955811
22.427454,1198.652344
22.440319,1196.380493
22.453184,1197.436157
22.466048,1194.540771
22.478913,1186.519775
22.491778,1187.177734
22.504643,1195.740967
22.517507,1180.925659
22.530372,1197.107056
22.543237,1204.183228
22.556102,1192.385254
22.568967,1183.894775
22.581831,1167.577881
22.594696,1172.263306
22.607561,1186.294922
22.620426,1188.951660
22.633291,1199.456055
22.646155,1198.630859
22.659020,1199.670654
22.671885,1191.313110
22.684750,1181.680664
22.697615,1182.192261
22.710479,1196.691528
22.723344,1198.992310
22.736209,1207.331421
22.749074,1207.512695
22.761939,1201.592285
22.774803,1189.690918
22.787668,1203.004028
22.800533,1204.478760
22.813398,1202.756226
22.826263,1210.571289
22.839127,1198.414062
22.851992,1190.734863
22.864857,1197.796387
22.877722,1195.184326
22.890587,1196.911865
22.903451,1201.255493
22.916316,1191.764648
22.929181,1193.024170
22.942046,1184.312866
22.954911,1183.856201
22.967775,1193.252686
22.980640,1193.370361
22.993505,1202.537598
23.006370,1178.754639
23.019235,1189.592529
23.032099,1187.006592
23.044964,1189.327637
23.057829,1197.563599
23.070694,1197.409180
23.083558,1202.893433
23.096423,1203.659668
23.109288,1181.346069
23.122153,1174.963867
23.135018,1178.256104
23.147882,1179.783569
23.160747,1187.229248
23.173612,1193.302612
23.186477,1197.592041
23.199342,1183.718750
23.212206,1182.157959
23.225071,1202.828735
23.237936,1207.368652
23.250801,1198.141235
23.263666,1188.000732
23.276530,1179.770020
23.289395,1180.666748
23.302260,1175.777344
23.315125,1171.914062
23.327990,1183.896851
23.340854,1194.607666
23.353719,1204.121826
23.366584,1204.080078
23.379449,1197.106689
23.392314,1194.657471
23.405178,1186.963135
23.418043,1196.604370
23.430908,1183.872559
23.443773,1167.007324
23.456638,1172.707031
23.469502,1188.592285
23.482367,1192.599854
23.495232,1190.683105
23.508097,1191.359863
23.520962,1187.558228
23.533826,1193.859497
23.546691,1193.913452
23.559556,1189.465454
23.572421,1190.456543
23.585286,1192.930176
23.598150,1187.573486
23.611015,1202.868164
23.623880,1200.846924
23.636745,1185.927856
23.649609,1183.317383
23.662474,1183.409668
23.675339,1184.424561
23.688204,1188.164917
23.701069,1194.922485
23.713933,1189.261230
23.726798,1182.774414
23.739663,1181.399414
23.752528,1193.775024
23.765393,1185.173218
23.778257,1183.876099
23.791122,1184.115723
23.803987,1202.094482
23.816852,1208.052002
23.829717,1211.354736
23.842581,1205.420776
23.855446,1199.201416
23.868311,1188.843262
23.881176,1186.648071
23.894041,1182.492920
23.906905,1200.845703
23.919770,1207.036621
23.932635,1188.653809
23.945500,1190.339966
23.958365,1193.414917
23.971229,1190.787598
23.984094,1179.828003
23.996959,1182.251465
24.009824,1196.770874
24.022689,1198.828491
24.035553,1222.054321
24.048418,1205.082153
24.061283,1204.618652
24.074148,1207.376953
24.087013,1207.307251
24.099877,1209.469971
24.112742,1215.356445
24.125607,1209.433350
24.138472,1201.557861
24.151337,1204.108154
24.164201,1206.017578
24.177066,1205.236084
24.189931,1205.165527
24.202796,1193.584229
24.215660,1210.260498
24.228525,1217.483154
24.241390,1211.410400
24.254255,1213.040649
24.267120,1222.723877
24.279984,1212.318726
24.292849,1206.989990
24.305714,1206.202148
24.318579,1203.819946
24.331444,1204.406738
24.344308,1196.915649
24.357173,1191.585938
24.370038,1200.223022
24.382903,1205.948975
24.395768,1216.635254
24.408632,1219.128784
24.421497,1205.139526
24.434362,1213.041748
24.447227,1215.059326
24.460092,1222.286133
24.472956,1213.683838
24.485821,1220.967529
24.498686,1218.803467
24.511551,1225.863525
24.524416,1229.934937
24.537280,1207.972168
24.550145,1209.162476
24.563010,1198.076782
24.575875,1214.720581
24.588740,1201.065308
24.601604,1198.159546
24.614469,1197.521973
24.627334,1195.970703
24.640199,1206.489990
24.653064,1211.456787
24.665928,1213.308594
24.678793,1214.171143
24.691658,1193.312012
24.704523,1195.521973
24.717387,1203.928833
24.730252,1206.002808
24.743117,1204.688843
24.755982,1204.193115
24.768847,1204.930420
24.781711,1206.923462
24.794576,1200.011597
24.807441,1189.840820
24.820306,1188.680420
24.833171,1196.661133
24.846035,1185.246826
24.858900,1190.854370
24.871765,1196.578125
24.884630,1206.616943
24.897495,1188.582275
24.910359,1182.045166
24.923224,1176.748291
24.936089,1179.433594
24.948954,1197.735596
24.961819,1190.173096
24.974683,1200.409790
24.987548,1214.623169
25.000413,1220.662964
25.013278,1210.817383
25.026143,1212.635986
25.039007,1211.609863
25.051872,1211.789062
25.064737,1219.387329
25.077602,1220.849976
25.090467,1223.954102
25.103331,1219.018066
25.116196,1219.270996
25.129061,1206.127808
25.141926,1198.175293
25.154791,1190.848267
25.167655,1207.964233
25.180520,1214.411133
25.193385,1212.648071
25.206250,1201.019531
25.219115,1200.112549
25.231979,1202.020264
25.244844,1202.012085
25.257709,1191.157715
25.270574,1201.463623
25.283438,1199.539307
25.296303,1191.149536
25.309168,1196.525391
25.322033,1189.090820
25.334898,1200.068848
25.347762,1204.264648
25.360627,1199.973389
25.373492,1199.350830
25.386357,1196.286133
25.399222,1199.210083
25.412086,1207.128540
25.424951,1204.402100
25.437816,1190.647827
25.450681,1193.334595
25.463546,1203.639038
25.476410,1191.618652
25.489275,1184.348633
25.502140,1192.602417
25.515005,1193.868896
25.527870,1195.447998
25.540734,1194.665405
25.553599,1190.695312
25.566464,1192.171143
25.579329,1194.348877
25.592194,1204.428223
25.605058,1202.492432
25.617923,1207.505615
25.630788,1200.003296
25.643653,1201.676514
25.656518,1216.428467
25.669382,1196.952637
25.682247,1192.573730
25.695112,1199.898804
25.707977,1195.675293
25.720842,1211.238281
25.733706,1207.337646
25.746571,1201.758911
25.759436,1199.521973
25.772301,1196.030762
25.785166,1197.652100
25.798030,1202.270874
25.810895,1209.218018
25.823760,1209.777222
25.836625,1200.704102
25.849489,1197.094604
25.862354,1201.837158
25.875219,1200.922729
25.888084,1209.694702
25.900949,1200.697998
25.913813,1197.844116
25.926678,1202.317749
25.939543,1206.817261
25.952408,1213.282227
25.965273,1215.606201
25.978137,1237.035400
25.991002,1233.689941
26.003867,1210.640869
26.016732,1194.972534
26.029597,1201.677979
26.042461,1202.749268
26.055326,1209.581909
26.068191,1204.687988
26.081056,1198.520508
26.093921,1216.875122
26.106785,1214.291382
26.119650,1213.167725
26.132515,1202.408936
26.145380,1200.751221
26.158245,1205.809814
26.171109,1189.435303
26.183974,1205.372314
26.196839,1200.824707
26.209704,1191.750244
26.222569,1188.356323
26.235433,1194.875488
26.248298,1191.592651
26.261163,1187.152588
26.274028,1192.926758
26.286893,1197.962402
26.299757,1198.756104
26.312622,1184.484619
26.325487,1198.272339
26.338352,1206.383423
26.351217,1206.094482
26.364081,1198.805420
26.376946,1194.009155
26.389811,1219.008789
26.402676,1205.331543
26.415540,1206.478027
26.428405,1203.778076
26.441270,1198.003906
26.454135,1213.197266
26.467000,1216.616821
26.479864,1214.747192
26.492729,1209.240112
26.505594,1199.763306
26.518459,1201.705078
26.531324,1201.905640
26.544188,1200.956543
26.557053,1193.173462
26.569918,1204.776855
26.582783,1215.721924
26.595648,1223.127930
26.608512,1213.517456
26.621377,1204.984375
26.634242,1187.920044
26.647107,1186.801270
26.659972,1214.161987
26.672836,1225.901489
26.685701,1232.272583
26.698566,1206.621582
26.711431,1192.342407
26.724296,1188.589844
26.737160,1187.323853
26.750025,1197.626953
26.762890,1206.703613
26.775755,1193.044922
26.788620,1210.998047
26.801484,1219.858887
26.814349,1213.734985
26.827214,1211.659668
26.840079,1207.591553
26.852944,1205.479370
26.865808,1215.619873
26.878673,1202.828857
26.891538,1192.176025
26.904403,1199.203003
26.917268,1202.877686
26.930132,1209.889893
26.942997,1207.535400
26.955862,1201.587402
26.968727,1198.505859
26.981591,1204.603516
26.994456,1195.048218
27.007321,1224.905151
27.020186,1223.268188
27.033051,1224.047363
27.045915,1215.508667
27.058780,1219.872559
27.071645,1222.352417
27.084510,1226.217041
27.097375,1217.830322
27.110239,1213.470703
27.123104,1214.636475
27.135969,1226.784424
27.148834,1214.303467
27.161699,1205.016357
27.174563,1194.593872
27.187428,1207.180664
27.200293,1209.777832
27.213158,1208.478760
27.226023,1215.119507
27.238887,1222.225220
27.251752,1233.926147
27.264617,1229.090454
27.277482,1220.897705
27.290347,1199.744995
27.303211,1215.244629
27.316076,1217.829712
27.328941,1202.236694
27.341806,1199.937012
27.354671,1206.841064
27.367535,1203.780640
27.380400,1205.540527
27.393265,1208.519897
27.406130,1218.856445
27.418995,1228.920288
27.431859,1217.694214
27.444724,1222.725830
27.457589,1234.604004
27.470454,1238.821289
27.483319,1231.561401
27.496183,1217.344482
27.509048,1217.334839
27.521913,1229.637085
27.534778,1219.655151
27.547642,1212.136475
27.560507,1207.536499
27.573372,1218.833496
27.586237,1201.221802
27.599102,1176.438232
27.611966,1183.611206
27.624831,1200.059082
27.637696,1221.247559
27.650561,1223.044434
27.663426,1225.374634
27.676290,1223.270264
27.689155,1210.488770
27.702020,1201.092529
27.714885,1223.732910
27.727750,1242.617188
27.740614,1245.134033
27.753479,1240.185425
27.766344,1219.051147
27.779209,1208.186279
27.792074,1211.146973
27.804938,1200.673828
27.817803,1206.362427
27.830668,1226.130859
27.843533,1220.204346
27.856398,1230.185303
27.869262,1222.899292
27.882127,1225.010010
27.894992,1210.902344
27.907857,1211.147949
27.920722,1218.476074
27.933586,1222.550415
27.946451,1241.959595
27.959316,1240.912964
27.972181,1238.156616
27.985046,1222.626099
27.997910,1225.796875
28.010775,1249.357910
28.023640,1242.944092
28.036505,1221.203857
28.049370,1222.705566
28.062234,1228.438599
28.075099,1232.046631
28.087964,1231.469604
28.100829,1226.298096
28.113693,1241.171631
28.126558,1245.246460
28.139423,1268.011353
28.152288,1254.327393
28.165153,1231.297485
28.178017,1224.376709
28.190882,1241.531616
28.203747,1223.014648
28.216612,1229.987549
28.229477,1237.367554
28.242341,1225.678833
28.255206,1224.564209
28.268071,1227.853638
28.280936,1226.435547
28.293801,1225.514282
28.306665,1213.262817
28.319530,1209.248413
28.332395,1223.280884
28.345260,1229.122803
28.358125,1226.343994
28.370989,1224.982666
28.383854,1226.693115
28.396719,1242.861328
28.409584,1235.947266
28.422449,1228.972656
28.435313,1232.583496
28.448178,1225.302979
28.461043,1229.383057
28.473908,1221.781860
28.486773,1223.186890
28.499637,1238.674561
28.512502,1276.136719
28.525367,1255.623779
28.538232,1242.084717
28.551097,1228.122803
28.563961,1221.364990
28.576826,1236.713867
28.589691,1228.535645
28.602556,1229.950073
28.615421,1226.147705
28.628285,1240.249756
28.641150,1249.594238
28.654015,1239.561035
28.666880,1224.631592
28.679744,1229.562744
28.692609,1232.865479
28.705474,1233.191650
28.718339,1230.260254
28.731204,1248.368042
28.744068,1245.345703
28.756933,1236.831177
28.769798,1232.478760
28.782663,1261.617432
28.795528,1255.266357
28.808392,1245.375732
28.821257,1231.474487
28.834122,1233.890869
28.846987,1248.740967
28.859852,1244.537842
28.872716,1251.905518
28.885581,1261.892822
28.898446,1254.049438
28.911311,1245.175171
28.924176,1242.161621
28.937040,1244.648071
28.949905,1271.561768
28.962770,1271.377441
28.975635,1248.027588
28.988500,1258.324707
29.001364,1254.406006
29.014229,1253.795410
29.027094,1257.059692
29.039959,1244.329468
29.052824,1264.900513
29.065688,1266.658813
29.078553,1259.295898
29.091418,1267.048828
29.104283,1254.002441
29.117148,1248.413086
29.130012,1255.266357
29.142877,1261.130859
29.155742,1267.708008
29.168607,1260.317139
29.181472,1258.558105
29.194336,1267.868042
29.207201,1262.019653
29.220066,1255.563232
29.232931,1262.648682
29.245795,1271.815918
29.258660,1258.950562
29.271525,1264.598633
29.284390,1259.614014
29.297255,1242.427124
29.310119,1248.825195
29.322984,1251.594360
29.335849,1242.784302
29.348714,1272.256470
29.361579,1274.626465
29.374443,1261.989136
29.387308,1272.145874
29.400173,1299.355591
29.413038,1287.708862
29.425903,1282.951660
29.438767,1271.685547
29.451632,1099.349854
29.464497,1134.181396
29.477362,1156.331055
29.490227,1167.256958
29.503091,1172.906250
29.515956,1201.761719
29.528821,1211.433228
29.541686,1222.776367
29.554551,1226.778809
29.567415,1231.687500
29.580280,1244.816040
29.593145,1228.276855
29.606010,1234.709839
29.618875,1233.329956
29.631739,1223.658569
29.644604,1216.084595
29.657469,1185.993652
29.670334,1200.081787
29.683199,1220.101074
29.696063,1237.920288
29.708928,1222.842285
29.721793,1217.609619
29.734658,1232.796753
29.747523,1246.597778
29.760387,1223.974854
29.773252,1183.555908
29.786117,1167.209351
29.798982,1200.171875
29.811846,1246.397705
29.824711,1257.097412
29.837576,1232.217407
29.850441,1224.240112
29.863306,1190.662598
29.876170,1161.982910
29.889035,1185.862305
29.901900,1189.874756
29.914765,1172.815674
29.927630,1151.048340
29.940494,1227.719238
29.953359,1260.008301
29.966224,1203.654541
29.979089,1107.604980
29.991954,1080.587524
30.004818,1140.605347
30.017683,1148.568359
30.030548,1164.573486
30.043413,1205.787109
30.056278,1139.196045
30.069142,1073.125488
30.082007,1081.064697
30.094872,1056.725342
30.107737,1018.197632
30.120602,1035.135010
30.133466,916.740112
30.146331,853.995361
30.159196,703.161743
30.172061,528.343079
30.184926,72.241814
30.197790,0.000000
30.210655,0.000000
30.223520,0.000000
30.236385,0.000000
30.249250,0.000000
30.262114,0.000000
30.274979,0.000000
30.287844,0.000000
30.300709,0.000000
30.313574,0.000000
30.326438,0.000000
30.339303,0.000000
30.352168,0.000000
30.365033,0.000000
30.377897,0.000000
30.390762,0.000000
30.403627,0.000000
30.416492,0.000000
30.429357,0.000000
30.442221,0.000000
30.455086,0.000000
30.467951,0.000000
30.480816,0.000000
30.493681,0.000000
30.506545,0.000000
30.519410,0.000000
30.532275,0.000000
30.545140,0.000000
30.558005,0.000000
30.570869,0.000000
30.583734,0.000000
30.596599,0.000000
30.609464,0.000000
30.622329,0.000000
30.635193,0.000000
30.648058,0.000000
30.660923,0.000000
30.673788,0.000000
30.686653,0.000000
30.699517,0.000000
30.712382,0.000000
30.725247,0.000000
30.738112,0.000000
30.750977,0.000000
30.763841,0.000000
30.776706,0.000000
30.789571,0.000000
30.802436,0.000000
30.815301,0.000000
30.828165,0.000000
30.841030,0.000000
30.853895,0.000000
30.866760,0.000000
30.879624,0.000000
30.892489,0.000000
30.905354,0.000000
30.918219,0.000000
30.931084,0.000000
30.943948,0.000000
30.956813,0.000000
30.969678,0.000000
30.982543,0.000000
30.995408,0.000000
31.008272,0.000000
31.021137,0.000000
31.034002,0.000000
31.046867,0.000000
31.059732,0.000000
31.072596,0.000000
31.085461,0.000000
31.098326,0.000000
31.111191,0.000000
31.124056,0.000000
31.136920,0.000000
31.149785,0.000000
31.162650,0.000000
31.175515,0.000000
31.188380,0.000000
31.201244,0.000000
31.214109,0.000000
31.226974,0.000000
31.239839,0.000000
31.252704,0.000000
31.265568,0.000000
31.278433,0.000000
31.291298,0.000000
31.304163,0.000000
31.317028,0.000000
31.329892,0.000000
31.342757,0.000000
31.355622,0.000000
31.368487,0.000000
31.381352,0.000000
31.394216,0.000000
31.407081,0.000000
31.419946,0.000000
31.432811,0.000000
31.445675,0.000000
31.458540,0.000000
31.471405,0.000000
31.484270,0.000000
31.497135,0.000000
31.509999,0.000000
31.522864,0.000000
31.535729,0.000000
31.548594,0.000000
31.561459,0.000000
31.574323,0.000000
31.587188,0.000000
31.600053,0.000000
31.612918,0.000000
31.625783,0.000000
31.638647,0.000000
31.651512,0.000000
31.664377,0.000000
31.677242,0.000000
31.690107,0.000000
31.702971,0.000000
31.715836,0.000000
31.728701,0.000000
31.741566,0.000000
31.754431,0.000000
31.767295,0.000000
31.780160,0.000000
31.793025,0.000000
31.805890,0.000000
31.818755,0.000000
31.831619,0.000000
31.844484,0.000000
31.857349,0.000000
31.870214,0.000000
31.883079,0.000000
31.895943,0.000000
31.908808,0.000000
31.921673,0.000000
31.934538,0.000000
31.947403,0.000000
31.960267,0.000000
31.973132,0.000000
31.985997,0.000000
31.998862,0.000000
32.011726,0.000000
32.024591,0.000000
32.037456,0.000000
32.050321,0.000000
32.063186,0.000000
32.076050,0.000000
32.088915,0.000000
32.101780,0.000000
32.114645,0.000000
32.127510,0.000000
32.140374,0.000000
32.153239,0.000000
32.166104,0.000000
32.178969,0.000000
32.191834,0.000000
32.204698,0.000000
32.217563,0.000000
32.230428,0.000000
32.243293,0.000000
32.256158,0.000000
32.269022,0.000000
32.281887,0.000000
32.294752,0.000000
32.307617,0.000000
32.320482,0.000000
32.333346,0.000000
32.346211,0.000000
